init/env_grid_CLUSTER10_REPL1.asc
ncols        110
nrows        110
xllcorner    0
yllcorner    0
cellsize     100
NODATA_value  -1
[rows 64 to 95 of 110, columns 0 to 70 of 110]
658503 617302 581204 581201 658502 5202204 658504 658503 658404 5202201 466101 491004 516104 491003 491004 491002 669302 441203 505404 505402 480003 479803 505203 515801 505303 479802 490701 465402 465502 505101 338903 403701 505304 353503 505201 555403 353503 439402 465503 338901 389302 200204 174302 494804 428703 338901 353402 494804 364503 389702 174401 184903 200201 133404 99802 158804 123301 133601 133502 133403 158804 148302 148501 148301 133701 108604 133402 200003 184601 148303 99503
5184902 5201804 5201801 658402 658403 658504 606403 658504 581203 566504 515902 505403 455203 441204 465904 617301 566502 505804 505401 541204 505101 454903 515804 454801 515803 490604 505101 454902 465502 515802 490703 378801 353504 439301 454904 530401 540703 378803 414503 465502 414501 494902 494902 200002 428702 200203 339004 364502 200201 199902 199901 199803 199904 200001 174302 109103 174303 200004 185104 174403 148302 99801 133702 108602 108604 159203 108601 148501 184503 159201 188503
658501 5184904 669301 617302 5184904 5202201 5202202 5201801 658403 658401 466103 591704 505401 515902 466103 505604 491002 606604 541204 566501 555401 479803 454902 555404 505204 454903 490604 515802 505302 505302 555402 414504 490704 530402 454901 403703 454801 364401 530401 490701 108601 414504 444602 184503 364502 519901 494903 494601 364502 364402 200003 159302 133103 159201 174404 159301 109103 174301 159202 123301 109101 123304 133103 159303 133602 159302 185002 199803 133403 184602 99503
5202002 566504 658402 658404 591702 5184901 5202002 606403 5184902 566503 465902 505404 606604 505802 516103 505403 465901 566501 466101 465902 479904 555402 490603 505202 465503 479904 454904 465402 465403 515801 439302 353502 479902 404102 505302 530404 465501 540703 414703 404101 199701 200204 199903 364401 494904 494902 494601 364403 184601 364501 148504 200202 148502 158804 148504 174401 200101 109101 158804 123304 108604 199902 148303 99604 159203 133601 184604 174403 184903 200104 852803
658501 5202001 5202001 5202204 658404 617501 591702 5202204 5202003 658401 505602 491003 505404 581201 441201 515902 505602 505402 581201 466102 505104 465403 505301 490703 490701 479803 465504 505303 480001 465503 555404 339002 505203 414502 454903 454801 465503 428704 555402 490703 185003 185104 185004 494904 389302 338903 494702 519901 200003 414702 99502 109104 109103 174302 133402 123301 200102 184503 133502 200102 184601 184602 185002 99502 133602 148502 133702 184602 133701 133403 391604
658501 5184901 566503 5202201 5202202 669301 5202002 5184901 566504 617502 505403 466102 480002 441204 491003 441201 658403 505602 441204 465903 505204 465403 530403 465504 515804 480003 515803 479802 505201 530403 364501 479902 479903 364403 555401 505201 404102 490702 378804 404104 389404 444602 200201 199802 378802 200001 389502 364401 404102 494702 199802 184903 184604 185104 174304 200004 109102 99802 159303 184903 174402 108601 159203 159202 200104 185002 184604 174404 108603 148302 188601
851802 800803 605002 564803 800803 564903 579603 564902 800902 851803 723102 723104 644803 723102 749102 775003 774801 606202 696803 776004 642704 606101 632003 642804 591104 591101 632102 606001 580701 591104 632004 606101 616903 606103 645901 591304 642801 616901 606004 565903 645904 644404 443903 645904 519102 453903 443801 464704 504204 443804 518704 443604 454001 443601 489701 544104 454004 454003 544102 464702 515102 594601 540202 465001 504303 479204 489901 504504 479202 529403 505601
801704 801702 826202 801702 801702 826902 826203 564802 579601 604904 723002 776003 566104 851803 723104 696803 644902 671004 775002 644904 642904 565903 642803 591101 591103 616902 668902 606102 606201 643004 566001 580803 616901 606201 617004 631904 566002 606003 658002 668902 619901 618703 592901 454001 443902 519102 619901 504203 504204 443903 464601 443602 464704 514802 464701 646101 544003 454004 518704 464704 544102 490001 554704 646204 529403 620301 646201 540202 515204 554703 504303
590001 604904 579602 826904 604901 564803 826901 604901 590001 579601 632001 566103 723002 749102 566104 696903 826902 696804 644901 566103 606103 643003 632102 580704 617002 643004 632102 631904 606102 580703 606203 591304 606104 632004 642904 616902 591303 580802 566001 642903 645902 645901 504203 443801 504204 454002 504203 443802 514804 618703 479003 544101 544101 544002 646101 554402 479001 514803 594601 518704 554703 515201 529601 646104 504301 646104 489901 479204 515204 504503 505603
801701 564802 826201 801702 605004 564801 605003 579602 801703 605002 774904 696901 644904 775003 774801 566103 851802 671004 696903 566104 617003 565903 591104 566004 642701 580701 591303 617001 642803 642901 566004 594202 580701 580802 642703 643002 616902 632103 580704 606001 619901 645901 514803 645902 618503 644404 645804 644403 644402 443904 454003 544001 454001 514902 646203 443602 489704 443601 479002 504202 646202 515102 465001 515102 554704 504303 464903 544001 544003 554704 515404
605002 826203 800902 564802 826204 564802 604904 564902 590001 826201 749102 696901 642801 644902 723101 696901 776004 566004 776003 749102 591301 642801 591103 566002 591303 580704 631904 565901 668903 642702 645802 606002 632104 632101 606103 642802 580802 606203 565904 642904 443902 443803 618604 443804 645802 443903 618503 592901 443802 645804 620301 514902 479004 646203 514801 646204 544002 646103 544104 594404 544002 479203 504503 529603 464902 515202 529403 540202 479203 529602 479203
564901 579603 826904 826201 826904 826203 564803 579603 801703 564804 644802 644802 775002 644801 644903 644904 644901 696804 671004 617003 591101 606001 642804 643001 643004 642704 606002 642701 642803 580703 606202 565904 591302 580801 617004 606201 606104 580801 668902 566001 443902 645903 644401 504202 443803 644401 489704 618604 479004 504202 479002 443604 464703 646204 453903 464702 479001 544103 443601 544003 479202 515201 479202 465004 504503 515203 620301 464903 464902 646201 465304
564902 801704 826204 826903 590004 579602 605004 826901 801703 564801 775003 801701 775002 801701 644801 723002 644801 696804 776003 774904 668903 643001 642901 591304 643001 616903 658002 606101 658001 606204 642802 617002 632101 643002 606204 606004 580702 580803 632001 617004 644402 644404 479004 454003 645904 592901 489701 443802 645904 645903 646202 514903 489701 454002 443601 514802 464701 514803 479003 544001 646102 515203 544102 479204 529401 515104 515204 490001 554703 479201 554902
826903 590004 851804 590004 826901 564804 604901 826902 564903 826202 696801 696803 619003 696801 644904 644901 644802 723102 696803 644903 632104 591302 616901 580703 606204 606201 632003 642702 642903 617003 632004 591302 580801 642901 565901 606003 617001 580803 594202 606002 567502 514801 443804 593001 618703 464704 479001 618503 567502 644401 464702 464703 514803 514801 464701 464601 646103 544101 443604 514902 479201 529602 544104 646101 594404 529601 646102 504301 515202 594404 466101
564903 564801 800803 564901 826204 826903 605002 776004 800902 851804 644804 642704 723101 851804 619003 644803 723104 619003 774801 723101 606202 617002 642803 642804 643003 591103 642701 632104 606003 642703 580702 658001 591301 645903 632103 632001 566002 616903 632101 643002 567502 645804 593001 443904 464703 594202 519102 644403 454002 504202 479002 514903 479002 464601 554402 646103 514802 514804 594601 554402 465004 504504 504304 490001 464903 515202 544103 479201 465004 529603 465903
826202 605003 564901 801704 579601 564903 605004 564804 851802 605003 644902 644903 851803 644804 774904 644803 696801 696903 644804 642702 580702 591104 642703 643003 632003 565904 591301 565901 658002 606104 632103 606102 606004 668903 642802 606203 617001 658001 642903 580803 489704 443904 644402 645902 644403 443801 443803 618604 593001 645802 453903 514804 514903 646102 479003 454004 646203 443602 646104 646202 529601 515104 544103 529603 504304 515203 529401 529602 529402 646201 479603
5236601 5202404 801203 5202802 5185302 5203003 5202803 5202804 5203003 5185702 775804 801202 876101 801204 826701 775801 801402 801201 801201 775804 695301 747601 722102 695103 695104 800701 721304 695403 710901 850903 464001 464002 438901 463802 438902 671203 453402 697303 514204 489201 749402 775203 671803 671703 775102 775204 775602 749804 723503 775602 750104 722904 489603 722801 774704 774704 722903 722901 698004 670601 529002 489304 504003 489602 539603 478504 554102 453801 478504 529102 566804
5236602 799602 5236403 5236402 5236601 5202403 5203001 799504 5236404 5185702 775802 851303 775801 826701 851303 826802 801402 801202 851302 826804 695301 684602 722004 747604 695103 710903 710901 722101 747601 695303 464101 453301 489201 478301 514201 453301 697302 514302 488901 453403 775601 697703 749804 671703 697104 749403 697303 697203 749402 697303 748801 724204 698001 749803 722803 529102 722904 698003 670601 722802 489603 529002 489304 478503 504003 514501 489602 464202 529104 453801 567204
5202804 799602 824801 5219201 5203004 5236604 824804 799602 5236402 5219201 876102 826701 851304 876101 801501 826401 876102 851304 722002 826401 695101 710902 684603 747604 773303 722002 747601 669903 695303 800704 697304 453303 452902 438903 464101 452901 514204 464004 438904 438903 749804 697201 671702 697104 749801 697204 697701 697704 671804 697702 750104 698001 670602 670602 670603 722904 774602 671803 698002 724101 464204 489304 644101 489301 489303 529003 464204 464202 529003 504004 566801
5185301 5185302 5236603 799504 824803 5203002 5236404 799601 5185301 5202803 801501 722103 876102 851304 826702 826803 826703 826401 826402 826702 684602 695104 695304 710902 695302 722101 773303 773402 722004 453404 514204 453403 464003 464004 697201 464102 453402 514302 438901 453402 749403 671704 775102 697203 775201 723501 697101 697702 697302 775602 748804 670604 671903 698002 724101 670602 698001 748804 698003 722803 607101 539603 489302 529104 554102 514501 489303 554103 464203 478504 567202
5236402 5236603 5202402 824803 5202404 5202401 5236603 5203001 799601 5202804 826801 876104 826703 801202 775803 695801 826802 775803 826801 826703 684603 722104 463802 721304 721301 773402 695403 695103 722103 695101 464104 488901 453401 478301 453403 453401 452902 453302 697302 452901 775601 671704 749802 775201 671801 697303 671802 697204 697202 671801 722903 697902 750104 722804 724203 670601 724101 722902 671903 724204 489302 554104 644004 489302 644004 567002 554104 478504 554102 644004 592004
799601 5202402 5236601 5219601 5202803 5203004 5203003 826402 5202802 5203004 826704 876101 851302 801201 876103 722003 775804 851302 722004 801502 722102 850901 722104 684603 850901 684602 722101 695403 722102 825904 453001 453404 438903 453001 464002 452901 453302 464103 514201 438902 749804 671803 723503 671801 723503 749401 697202 697702 697304 671701 698003 722802 670603 670604 514501 722804 722801 697902 722802 748801 478503 489604 489604 529002 464202 489601 554103 504004 529002 464204 617603
5202401 5203002 5236403 824801 5219601 5185701 5203002 5219601 5236401 5185302 669903 722001 826402 722101 851303 801402 876103 876104 851301 851301 800702 773401 695104 695301 695302 722104 773303 773402 722103 683304 464102 514302 464104 514201 453302 488901 775203 671203 464001 464001 749801 697203 749803 671203 749801 697704 671802 697201 671703 697101 722801 774602 671903 774701 722903 774704 722802 478804 489601 722902 464201 529001 478501 554103 529001 489604 489602 489603 464201 478804 607101
5185701 5202802 824804 824801 5236401 5236604 5202403 851301 824804 5202804 826803 801201 801502 801204 775802 826704 722003 801204 722003 876104 695302 747501 800504 773401 710902 710903 710904 669903 695303 710904 464004 453404 453401 697304 438902 453303 438903 464103 723501 453303 775102 671702 749803 775203 671701 697701 697701 671701 775204 671702 671903 722902 670604 722804 722801 671804 478503 724203 748804 722903 504002 529104 539603 478502 504003 554104 478502 607102 504004 554101 606903
5236403 5202403 5185702 5202402 5219601 5203003 5236401 824803 5203001 799504 826702 722001 826804 826801 826704 876102 876103 775803 695801 826701 747501 710904 683304 747501 695302 683304 850902 710901 721304 722001 464104 438904 453303 464102 438904 478301 453302 464003 453301 464002 723501 749802 749401 671802 749401 775201 697304 775601 697704 697104 529001 724204 489601 478501 748801 697902 697703 774602 698002 724203 529003 489301 567002 554101 567204 489301 504002 478804 453801 464201 607101
5236602 5236604 5236602 5185701 5202404 5185301 5202401 5236404 5219201 799601 826804 801203 775802 826803 722002 826802 801502 801203 801501 775801 747604 825904 773401 695304 721301 721301 695304 695101 695801 710903 464103 452902 697101 463802 464003 438901 453001 464101 489201 464104 697701 749803 749403 749802 697202 749402 671704 775204 697703 697204 671804 774701 722803 722901 670603 698004 698004 774701 722901 478501 464203 567201 464203 504002 529102 489303 554101 529104 567203 478502 607102
684702 723604 826002 616103 800702 749701 773701 616103 695601 825901 801801 657201 801801 749704 774202 696201 657203 696203 774202 580001 774304 696502 565402 670501 774301 724501 590604 722702 565402 696504 590903 724402 605703 672201 605602 724503 672202 605604 724404 590901 605703 580503 631602 605803 631604 605603 642501 605903 605601 565503 569804 568704 595003 619702 544404 594004 668504 565701 593901 646703 570204 570304 541802 544403 541902 544604 544401 647203 647203 646603 318303
749701 684701 850904 800703 684703 825901 800704 723604 697501 616101 642104 696201 580004 642204 565402 801902 696201 696101 723602 657202 670403 670404 774301 670404 774302 748502 722701 748501 724401 748603 631503 590904 590903 724403 724302 672201 698102 724404 724503 580501 590902 580403 565503 580401 590904 580502 668503 580504 580504 605701 646501 646504 544404 646702 645601 668502 568701 594904 569804 646502 541902 646804 516903 466804 570201 570302 544904 516902 466804 466803 673704
695604 695602 684702 723603 697502 684701 850903 671501 749703 671501 657201 580002 668201 642104 801903 801802 590601 642204 801802 801902 774304 722702 670403 696501 724302 748704 774504 748703 748604 696504 580403 750502 672303 724403 724501 565704 724402 580503 605703 672203 580302 580401 565701 605903 631703 631702 580503 605603 580501 605801 593901 631701 646701 595002 544402 594904 646803 646502 646801 544401 516801 516902 517001 517001 542001 570204 541802 646604 570203 516801 343601
800701 825902 826001 800704 616102 773603 616101 800703 695601 773602 590604 642204 697501 590503 696204 605503 580001 631204 697502 671501 774504 748602 748602 722701 748603 670501 668201 698104 774302 774303 605702 590902 698103 631704 672204 724501 724403 565503 631603 580204 631701 590902 565602 631802 631601 631703 668502 605901 605701 631601 646604 646701 646804 668503 605802 544402 568703 646702 544403 544504 542001 544904 542004 516903 516902 516904 517001 516904 542004 646601 369104
616104 616102 773603 800703 850902 616104 749703 825904 800703 850902 801902 657204 590601 723604 801803 696101 801803 605502 696101 657203 590601 774302 748602 748704 698102 748503 748504 670404 670501 774504 698101 724502 565704 750502 724304 565603 672204 750502 642503 724302 668504 590901 580201 631702 580302 580401 565702 631604 605604 565603 646801 594004 605904 668501 569804 544604 646604 544504 568701 646803 544904 646502 646503 541801 570303 570301 570304 542002 544401 544901 394102
684703 723603 616101 684704 684704 825902 723602 695603 684702 825902 657204 605502 801803 590604 642104 590503 580001 590603 590603 696203 696503 748703 696503 696501 774503 631204 724303 668201 748603 748502 631503 631802 724504 590904 698104 631603 580502 631503 724401 605801 642502 616501 668502 642501 580204 580301 605704 605603 631703 631704 568703 565602 568702 646602 668501 646503 646601 646703 668501 594004 517001 570303 541802 542002 595402 466804 570203 570103 646701 570302 595402
