init/env_grid_CLUSTER10_REPL1.asc
ncols        110
nrows        110
xllcorner    0
yllcorner    0
cellsize     100
NODATA_value  -1
[rows 0 to 31 of 110, columns 0 to 70 of 110]
5434701 28402 16803 5434702 28303 16803 5434701 5402703 28303 5386204 5386601 361904 5253802 361803 5303803 361902 5253801 5287204 350801 5253801 325104 325201 5352701 336103 325303 325303 325302 325301 325101 325302 451701 451702 5336402 5320104 5269602 208403 5252601 5386401 451704 234302 223401 208401 233803 223403 223402 248901 284503 259504 223503 284503 151002 187901 151002 161901 136402 151103 222903 136302 222902 208102 125503 150703 111502 136303 187501 161601 187504 177002 135701 187502 66802
5450002 5450003 5434903 28302 5450201 28302 5402702 5434703 5434904 5434504 5434902 5253801 5434702 361802 5253804 350701 5303804 5303803 5287203 5270503 5336402 5252601 325304 324904 5336404 350602 350603 324901 5386603 5235803 451704 5386401 5235801 5319903 5352703 5386402 5252603 5319903 5252801 5252803 284404 208402 208603 259503 273702 273802 284404 249004 234101 234102 151101 249004 151104 234302 5402901 177001 248902 208101 177001 151001 111703 111504 125503 213304 135702 161602 187904 187203 213301 111504 47303
5434703 5450203 5450202 5402702 43903 5402703 5450201 5450004 5386201 28303 5253403 5253403 5287001 5401503 350704 5386602 5369802 5434901 5386604 350901 5352702 5386603 5253002 325104 5252803 5352704 5369602 5352903 325101 5269602 5386403 5336404 223504 5352903 5319902 5336404 234103 5235804 5336404 5352702 223501 223501 234104 259504 233703 234104 248903 223503 273804 259502 151102 136404 151101 5402901 136303 222902 5402902 136401 187901 161903 136002 187502 135701 135702 213301 135702 187202 187204 213304 111504 79901
5450201 5450202 5434503 5450003 5450202 5402703 5386202 5386202 5434902 5450002 5253003 361901 5434704 5270503 5253601 361901 350704 361901 5386602 350903 350603 5352703 325203 325204 5386404 325101 325204 5369802 325102 336101 5252602 5235801 451701 5252603 5386401 5319903 5336401 5320104 5235804 451704 208603 234101 208604 208604 273801 208401 234102 208102 208101 208402 187903 187904 136303 187903 125803 187804 151104 249002 161901 233801 161603 187502 187202 213304 187203 150701 150701 135704 111704 187501 79904
5402704 5434904 5386203 16803 5450203 28304 5434501 5450001 5434901 5434704 5253802 5270502 5270503 5287202 350903 5270501 5270501 350901 5386604 5303804 336101 336103 5369602 350603 325102 5235803 5386404 5269602 5252801 5269601 223404 5269602 5369604 234301 451702 5252603 5369601 5386402 5235804 248901 273801 208403 208602 273702 233802 259504 233702 233802 208401 208402 151004 187801 136404 187801 187903 151104 248901 136403 177001 161903 187503 213301 187204 161603 111501 187202 187201 187203 161902 111502 89002
28304 5434903 28301 5434903 5450004 5434504 28402 5450003 5450004 5402704 5287204 361803 5287203 361802 350703 5450204 5386601 361804 361904 5287201 5386603 324904 350602 5369604 325103 325304 325301 325203 325203 325201 5269601 5352703 5269601 5252801 208602 5252601 5235801 5252802 5352704 5252802 273802 208604 249004 248903 223404 273804 259503 233803 233703 234102 5402904 5402904 151103 177002 5402902 151002 151102 125803 223504 136302 135701 150703 111703 161602 187201 187503 136002 187201 177003 187804 58202
5386201 5434702 5434503 5450204 5402704 5402702 5434501 5434904 5434701 28302 5287201 5434901 350801 5386602 5303803 5253002 5401503 5386601 5369802 5287001 336103 5252604 350604 5386602 350601 324901 5369603 325201 325102 336103 5386403 5252804 5336401 223403 451701 5369604 5252804 223504 5352903 451703 233701 273804 284503 233702 273801 208603 234301 234104 249001 248903 222903 187901 177002 136302 5402902 187804 222903 233801 249001 125802 136403 161604 161703 136402 111501 161703 187204 187501 111402 213401 79902
5434902 28402 5434503 5450002 5386202 5450001 5450001 5434704 5434704 5386201 5270502 5287202 350904 350704 5287201 5287001 5270501 5253804 5253601 361804 325303 336101 5252803 325104 5369601 5386604 325302 324901 5253002 325301 5352702 208602 5235802 5319902 234103 5386403 451703 5369601 5352702 223501 234302 234101 208101 208403 248902 249002 249002 223402 233803 234103 233703 161902 151101 161903 273702 136401 151004 234302 136404 177003 187504 213401 161601 150701 187504 125503 161601 177003 111501 135704 89003
5450203 5450204 5434703 5434904 5386203 43802 5434504 28301 43802 28304 5303804 5287203 350701 361904 5287202 5450204 361804 5270502 5287204 350701 350604 324904 325103 5352701 5386404 325204 5369602 5269702 350602 5369603 5252802 5235803 5386402 5252604 5235802 451702 5320104 5369603 5252804 223401 233701 223402 208603 223403 259503 233801 259502 223404 284404 233702 5402904 151001 161901 151004 136402 136403 151001 151102 222902 125803 111502 111702 187503 187904 111402 111703 111704 161703 187502 111702 47201
5386204 5386204 5434901 5434501 28301 43903 5386203 5402703 43903 43802 5253802 5253003 5270503 5253804 361802 5401503 350703 5253003 5253403 5253601 5352704 5386403 350604 350601 325304 325103 5369603 5269702 5352701 350601 5320104 5269702 5336402 5235802 5252602 5252602 5252604 5319902 451703 5336401 259502 248902 233701 208102 233703 273802 234301 223503 223401 249001 161902 5402901 136404 187801 151104 125802 151002 233802 151103 136401 111402 187503 150703 161604 213401 135704 125802 161602 136002 111702 25002
299502 310401 285103 234504 285202 208901 285201 234701 208903 336504 285001 260101 274103 223801 310302 223803 249403 285001 259904 285204 249604 259703 274101 299302 260103 260102 249204 249204 260004 274503 198903 121803 208703 198903 173102 132402 147202 198701 147201 121803 312802 313403 252403 287703 312803 173003 252103 226901 226901 173004 262602 313404 226903 328004 287703 287604 226903 237401 302401 226702 133801 148602 185401 100001 159403 200303 148601 133802 174702 148602 185604
208903 361903 310602 249404 350901 259702 336504 336501 234703 299301 310403 259703 310303 234702 274104 310501 260103 223704 223802 310302 310401 274501 299502 260102 234603 310603 274304 223704 260104 299802 132402 198903 249502 172801 132403 173001 173002 132302 172903 198702 262602 302404 313403 251804 276803 226904 302401 107804 313003 302504 237404 277001 262503 226801 262603 237404 237001 237001 328004 328004 174703 185402 185401 174504 251804 188002 133802 174604 185404 148604 134103
310503 285002 299302 249602 299304 299503 299502 336501 285201 234501 259704 259901 310301 310303 310303 274103 259904 274501 260002 260103 249601 234603 234603 234504 274102 274503 274304 285104 285104 260003 249601 132403 173002 147104 107801 173003 285202 173004 285201 259701 237402 251903 276903 132402 132303 262603 226901 252403 237002 302501 287602 313002 226701 276802 226802 287603 226701 262602 211503 302404 200304 159404 188002 159403 200304 159402 159402 174604 159401 159401 148902
208904 361803 310502 299302 310502 234703 285104 299502 310404 249401 260001 274503 274404 310301 259901 223801 249603 310501 274104 234704 234403 285004 234501 260003 310402 249601 260004 310503 259903 299501 147201 107804 147104 173001 121801 208703 107801 132304 172902 121801 313404 276902 287604 302501 252404 302404 313003 276904 251804 312803 262502 226903 226904 262503 226801 313004 211503 262501 262604 226801 159401 148601 148602 200304 174502 174504 159404 148604 174702 148604 123901
361801 208703 361902 361903 285003 223804 208702 299301 299402 285002 310402 274303 274102 274404 223801 249502 274304 274504 234701 310304 249203 299804 299802 259903 310403 249401 274102 234504 310602 259702 173003 132302 132303 173103 198704 173001 172901 147202 172801 198704 277001 313004 302404 276902 277004 276802 276903 198702 226902 313402 277004 262501 262601 262502 313001 252101 226703 226704 262604 226703 174502 174704 133803 174704 200303 174601 174703 100203 174703 148603 188002
310501 259704 249604 310601 259704 350904 361903 299304 336501 285003 260002 259904 249603 274303 285203 310502 285203 259901 223802 274103 299802 260104 249203 310402 260104 274504 249203 285103 234403 260101 198702 121801 285202 172903 132304 198701 107804 172804 147201 173103 276901 313402 302504 262504 172901 252404 237404 132303 251904 302401 237404 226904 226703 287703 276904 226701 287603 211504 276802 313002 174501 174601 133803 174702 174602 174501 174701 133803 174701 287602 149401
361801 249602 299301 299503 350703 310602 310603 310601 299402 299503 223803 249602 274501 310304 260001 234701 249404 260002 249603 234402 274301 310601 249402 274301 299801 299804 310401 234402 274302 249402 147202 107802 147103 173004 172804 107801 107802 172901 172903 147104 251902 313404 226702 252104 211504 302504 276803 252104 252103 302502 226704 313001 262601 277004 262603 287603 313004 262501 287604 226702 148601 133802 185401 174502 174501 133804 174604 174704 133804 200303 201203
310504 299402 361902 234501 259701 350904 310404 208702 310504 208904 285003 299504 285204 223801 223704 259702 223804 259901 299504 249402 249204 208903 285103 259702 299804 299801 310404 274301 234403 274101 132304 173102 198702 173002 132302 198701 172801 121804 121804 172902 277202 276903 276904 302502 313402 252404 262503 262504 302402 277002 262603 287602 313003 276901 226903 226802 312802 226704 252101 237002 133801 100001 185402 100203 174702 174601 100203 185403 174602 185402 200804
361801 208904 208901 249401 299501 234702 234703 310504 234501 350801 274404 249604 274104 249403 223803 274303 310302 310403 274302 223803 310304 274302 259703 299304 274504 299504 260003 285004 234402 223802 147103 132301 208901 249502 310503 147103 259701 198704 172902 121803 313402 251902 252403 251903 226902 302503 302501 302502 302503 251904 277003 302503 237001 276902 226902 302402 312801 252104 313002 262604 174603 174701 185404 174504 185403 148603 174703 133801 100203 185403 110103
336504 350903 299302 208702 259703 310301 299501 299402 234704 249404 260001 285001 260101 260004 274102 285203 234704 285204 249403 234702 234504 285002 274101 260102 259903 223804 310404 299801 285004 310603 172902 107801 132301 132301 132403 121804 173102 173002 173103 172804 107802 262504 211503 313404 252103 251904 277002 251903 276803 251902 226802 302402 302501 277001 211504 262601 277003 262502 313403 252101 133804 159403 159402 174602 185404 148603 174603 174603 100001 159404 100603
5386904 5417804 5433702 44202 54304 5370301 44103 5464702 5433703 5336701 235102 250001 235101 224601 249901 5433703 300002 250004 5464701 5417801 285304 300004 130201 181801 170904 144903 235002 209301 285604 130503 172504 97902 146402 107402 172303 131804 157403 172401 183203 107404 157401 157404 183201 107303 198503 121304 107401 107302 183202 198302 287102 287104 211202 157301 226102 251604 157102 157201 121302 107404 251601 276603 301802 312703 301801 228204 226104 211104 287102 236804 314503
5433704 5449303 54303 54303 5386903 5370304 44201 5433701 5386903 5386904 235304 224604 249803 249903 249904 274704 5449301 300002 235001 260302 437602 437603 96701 235002 224604 97004 437602 106102 437603 437604 182902 107504 121304 198403 131702 183202 97904 198304 182902 157102 157404 157203 183304 107302 157203 107504 157404 198403 121604 182903 211104 198201 97903 172402 172303 157202 198204 251601 107404 172404 226203 226102 312801 277202 276603 211204 276602 287104 237401 277202 278502
5417802 5417804 44204 5417803 5464701 5449303 44201 5370303 54401 5417802 249902 235102 260302 300003 235101 249804 235102 235101 224601 300002 437601 209304 209301 144903 224304 130204 300004 106001 249902 106103 146402 146403 157101 198504 97904 172704 146404 172301 183104 106101 107401 198402 131702 107303 107504 172403 157301 157204 121601 183304 198203 236803 121504 276401 262004 198201 172504 121502 198201 211201 313001 276602 278503 251603 226102 211104 276601 277002 226203 236804 289204
44204 5464704 54304 5433501 44203 5433704 54402 5449101 5370304 5370303 235104 249904 274704 260501 209303 5433503 5464702 274703 235303 235001 144903 144904 224301 224302 285302 260501 285303 224302 130202 300004 157101 131901 172302 172504 198402 131702 182903 146403 172704 121503 183104 107302 183204 198301 157401 107403 121601 107303 107503 131804 121303 287103 251603 226103 121303 157201 157301 211202 157104 172502 226104 312801 287102 314703 277003 276603 276401 276601 226104 312603 289204
5433503 5433701 5449304 54401 44202 5370301 54401 5449304 54404 5464704 249901 5449101 285604 249804 260502 249901 5449101 235002 250002 249803 285302 260502 235004 437604 224602 96701 249803 106001 209302 437603 157304 107403 131803 172303 198504 183304 107401 131901 97001 198401 157403 198303 172502 121502 183104 183201 183202 198304 198503 131803 157104 172403 251504 172401 172503 198204 157103 157102 121504 226203 312802 237401 329202 276602 312803 211202 312703 251504 901202 226204 314503
5433704 54303 44103 44201 5464702 44103 5386903 5336701 5433703 5336701 250001 5449301 235104 300001 249802 260303 5417801 209303 235304 300001 130504 235103 106102 130502 250002 130502 130201 285303 130202 437601 97901 144901 172302 172501 181801 172303 183101 183201 198403 121601 198102 182902 198203 198503 183101 198302 157101 157204 198301 198402 157103 198204 198102 226204 301802 172304 251604 172501 226204 157302 278503 276401 276404 287103 278403 287101 276601 314703 211201 226103 264204
5433702 5417803 5449302 5464704 5433702 54402 5417804 54302 5370304 5370301 209403 249802 274704 260303 5464703 209304 5464704 209403 235103 249903 209403 209302 106001 300003 285304 106102 300003 224302 260502 285604 107403 198504 157202 146303 181802 198401 131802 131802 172502 146303 198303 107501 198203 198304 107402 157202 157204 157403 97904 157203 146404 157202 236803 121502 251602 157104 172404 198303 276404 172402 329202 226103 251603 226102 264203 287101 211203 236804 251604 301801 278403
5433501 5464701 54402 5370303 5417802 5449301 5449304 5417801 54302 54404 249804 224604 5464703 235303 274703 209402 235104 235103 209303 260302 130504 130203 224304 250001 235004 106002 224304 437602 224601 235004 97904 172402 156002 131901 146403 146401 121604 183203 146401 172403 172503 107502 131802 131803 198202 121504 157302 198202 107503 183204 211202 287104 97902 121503 157304 251602 157401 121302 157302 251504 312603 239004 901202 312801 314702 312703 211204 314701 276603 278403 239004
5433501 54404 5417803 54304 5464703 54302 5449303 44204 54302 5449302 224302 249902 224602 285304 235303 250002 235001 209402 274703 250004 209402 285303 224602 209301 437601 250004 130201 144902 437604 130502 146401 198403 121604 198504 97902 172404 146402 172301 182903 157404 97901 172304 157201 97901 198302 107503 172503 183204 107504 182902 251601 97903 121304 172401 172304 157201 236803 211203 262004 198301 301802 287103 237402 211201 312603 211203 329301 264203 251602 289202 228203
5433503 5386904 44203 5449101 44203 54303 5417804 5433701 44202 5449302 300001 235304 249903 249904 260501 235001 235002 260303 249802 224301 209302 209304 156004 130204 249804 285302 130202 224301 130203 106101 198401 146404 172302 172704 172301 183203 131802 157103 131804 97902 107501 107502 198301 121302 146303 198102 121303 107501 107502 107402 262004 198202 157304 172501 97903 131901 183101 121503 157401 211204 901202 276404 278503 211203 276901 211201 237002 237402 287101 301801 228203
401901 362404 362403 351604 362401 326302 351504 337103 326104 351404 5418601 5402302 5418404 5418404 5385601 5418203 5449501 5434102 5433904 5434304 156004 130503 5369403 130203 5335604 5369401 106002 144901 5336202 5368804 210201 235402 275503 235401 235403 235404 311301 225203 235404 260704 260901 236602 275404 261101 224902 250701 225201 250601 261302 261201 311903 276201 210303 300904 236001 275701 210603 312204 251404 275701 210402 301402 261301 300902 311902 238203 300901 253102 300902 301204 290102
5386002 387301 5386002 5402502 5464903 5434301 351501 362401 401904 351502 5464901 5418403 5464901 5464904 5418404 5418202 5401904 5464904 5401904 5434304 5385601 170904 144902 97001 5369401 181802 5401902 250601 5336202 156002 209804 286201 260702 300403 311301 235401 209804 260904 275503 275504 225803 236001 251304 275904 224902 276303 260901 261202 225203 286302 210702 251302 250802 275701 312204 236503 301401 275902 312203 300903 210403 311804 261701 253102 314102 311902 225602 311903 261803 210404 239902
