init/env_grid_CLUSTER10_REPL1.asc
ncols        110
nrows        110
xllcorner    0
yllcorner    0
cellsize     100
NODATA_value  -1
[rows 32 to 63 of 110, columns 0 to 70 of 110]
351604 351503 351401 326101 362401 337003 326104 326302 376401 351502 5418204 5418602 5401902 5385601 5401902 5449503 5449501 5449501 5449502 5402504 5401901 5369401 250601 5302901 5303304 156003 5402503 144902 5369402 5464903 210202 311402 275403 311302 235401 300803 275401 311402 260903 260802 209801 225803 236401 260801 311803 260801 261503 261201 236502 276201 225903 236004 236601 225404 275901 251302 210603 225604 276303 236604 301204 300901 300904 210401 210302 311903 210303 261701 225404 312203 290102
362403 5418201 362402 351401 5401901 337003 337002 5418203 362402 326101 5449501 5385803 5434301 5418604 5386004 5449502 5402502 5402302 5386002 5464903 170901 97004 5303104 5401903 5402503 5433903 170901 5433903 260904 144904 286202 311402 261204 285902 209801 235402 210202 275504 210202 275504 225203 260901 275501 275501 236004 250701 251301 251401 260902 311804 286301 225601 261801 236504 236503 300903 301402 261301 275902 210702 225802 210303 261304 225601 225802 210601 300901 301204 210601 312202 213701
5386003 401902 401904 337002 337003 401902 5402303 351501 337003 351401 5402303 5449503 5434102 5464904 5418604 5464902 5402502 5418402 5434101 5433901 5369402 144901 5302901 106101 260704 5401901 181802 156002 97001 130504 210201 286202 260701 235401 235403 311401 260702 225201 250701 300403 251304 236602 210603 251403 276201 251403 236001 275402 209801 275404 236601 286704 276303 261301 236602 210702 286301 225901 225604 225602 238201 236401 301401 261503 238203 311804 301203 261503 261704 286704 315503
337004 326101 5464902 362404 351504 337103 387302 351503 337004 387302 5449503 5402501 5418601 5385603 5433904 5418202 5434102 5401903 5464902 5386003 181801 5352503 5433904 5235403 144904 5335604 5368804 5418201 5303301 260701 311402 261101 311302 275502 311304 300404 275503 285901 311301 275404 236502 251403 260702 311401 261202 275904 286302 300404 261204 251401 251304 300904 275901 210402 210401 225601 210601 261804 261803 225602 238202 261704 210704 312201 225902 286704 210301 261704 301203 225902 289404
362403 387301 337103 401901 351404 401902 351503 326302 387302 5418201 5418403 5401904 5434103 5434104 5434104 5433901 5418602 5402504 5434304 5402302 260802 5402501 144902 5368803 5352503 170901 5368803 144903 5433903 260704 285901 300804 275401 286201 300804 286201 260801 260802 311302 300404 285901 275903 275904 286302 260804 261802 301404 225201 251404 225903 275903 261804 261401 286304 236504 251404 276304 276204 261301 250802 311803 314103 251302 238203 301404 210404 261704 225404 300903 261802 315504
5434303 337001 5402504 401903 337002 387301 337001 5434302 401901 351502 5418602 5418204 5418604 5385603 5434303 5449502 5418402 5433901 5434302 5434104 5302902 5433902 5303304 5368802 5385602 5433902 250601 97004 106002 261101 275502 260804 300803 275401 311304 285901 300804 235403 210201 275403 276201 311902 275402 261204 260804 311401 261302 260903 261302 250802 236601 236502 311902 312204 261803 286304 276304 236503 286301 236004 225604 238202 314104 210302 225903 210301 210403 238202 261801 210303 290102
351501 362404 5385803 401903 351604 5385803 351504 337001 351404 401904 5418402 5434103 5385603 5434301 5385602 5434103 5386004 5402303 5386003 5464901 5352503 170901 5303101 170904 5302902 130503 5368803 106103 156003 130204 275402 235404 300403 260701 225202 275502 300803 260902 261202 260903 236401 251401 225202 261401 312202 276204 286202 225202 225803 260904 275902 236604 236504 311803 275901 301401 301402 276304 312202 276304 301203 238201 312201 225901 210401 261304 210301 210404 312203 300902 304302
362402 5402501 376401 326104 401904 5402503 376401 401903 337004 5434302 5418601 5433902 5418403 5434303 5434101 5385602 5418202 5418204 5386004 5434101 106103 5369004 5303104 96701 5401903 156004 5369004 156003 5418203 106002 285902 300803 275501 285902 261101 311304 260804 235402 275403 260902 261401 236604 276204 261401 275502 261201 209804 301404 312201 224902 210402 261804 251301 225901 210302 225802 251301 275903 286304 210301 238201 210704 210704 210403 225902 261802 261801 261304 238203 261701 228401
326804 388204 362701 363201 362703 351701 363104 326702 326803 337603 326404 377504 377603 326701 377604 326803 377601 351701 5352303 377504 5352502 5335801 5335602 5303103 5303102 339804 5235603 5369201 5352302 5319704 429803 339904 439903 339802 439902 379901 390502 379503 439902 379904 365604 340102 440603 379901 429902 340104 415701 440601 339901 339902 158501 158204 122604 184102 98804 199402 184103 158203 184103 199403 237902 288104 237903 277601 237803 147602 158204 288001 122601 98701 288204
402602 326902 326804 377601 363202 377502 351704 377504 363102 326704 5303303 402204 427502 5369402 363203 326702 351704 326904 5335804 402204 5235604 5285902 5319704 5302901 5303102 5335601 5369403 5336202 5352101 5335802 415501 415104 379903 365604 390504 379904 379503 339804 390503 415503 415702 340503 365601 415502 365601 340101 405004 340502 340102 390502 173201 98702 98801 132702 147402 199403 158501 158201 199403 199203 237802 147602 302804 108101 227001 227001 303004 277701 237904 173204 277502
427503 326802 427501 326903 363203 337604 351702 427504 326404 363104 377603 326701 337602 5352101 5352303 362703 388202 326401 5335602 5303104 5368802 5335801 5352301 5369003 5235604 5285904 5352101 5352302 5235402 5285904 429403 390501 354604 405003 339901 340103 379504 365604 390501 415103 380003 405003 440604 390702 340503 405002 365801 340503 339902 440604 158502 380001 199204 122603 199203 98802 158601 199203 122602 158602 158201 277702 227002 122601 277603 303004 237702 237704 302803 98701 263004
326801 362701 377601 427203 363201 362701 427502 326901 326902 327001 402204 5235602 337603 327002 363103 5368804 362704 5369002 362703 327002 5369403 5335603 5303302 5285904 5235403 5235404 5303101 5303302 5335801 5235402 390503 404501 339701 390103 354601 340104 404503 339804 429803 429403 415704 354602 415701 365603 379902 380004 379902 440603 365601 440602 380004 199204 199204 158504 98803 122602 158504 184103 147304 108104 98804 108102 302802 237701 227002 288004 173201 237701 237901 227003 237704
427503 363102 363104 326702 363102 377502 363101 326401 326803 351703 426904 5335601 362702 388204 427003 5235404 326701 5235602 362702 362704 5368802 5285903 339801 5303101 5352301 5352302 5352501 5235403 5335803 5235604 429804 429404 339903 365603 339801 339702 405002 404503 354602 415004 415702 365603 405001 440604 390502 440601 380002 415704 354602 379902 158203 199402 184102 158502 184202 380001 98703 184203 98704 183904 302803 302803 277603 277703 158602 158202 263001 98702 158604 108103 277401
326401 388201 326903 337601 427501 363103 337601 326801 402603 326803 326904 402603 426904 427501 351703 327002 402604 351701 337602 326904 5335803 5368803 5335602 5285902 5302902 5369004 5335804 5368801 5303102 339704 354604 340104 404501 405004 339704 405003 429802 340103 415503 439901 440603 339902 440602 340501 405001 429902 339904 365801 415702 440602 158501 183903 108102 98703 98704 122603 98801 158201 184103 122604 288103 184403 237702 183903 288001 237801 98702 158604 147504 173204 263201
326802 326901 388201 327003 326404 326801 402602 427203 327001 413004 426904 402204 5285903 413004 5369002 5368801 402602 327003 362702 5303303 5235603 5369003 5303303 5352504 5369002 5352501 5369404 5235404 5335802 5368801 439901 339701 339803 429803 340103 339801 379903 439904 439901 354601 340501 339903 340102 340504 429902 415501 340502 340503 429802 365801 158601 122601 158601 122603 199402 158503 147304 147304 98803 183904 237901 173201 237903 302802 98802 303001 98701 277601 277702 173204 263204
326704 427502 351702 377604 337604 402603 337603 363101 413004 326903 327003 402604 5285902 363202 388204 427503 427003 363103 351704 427003 5352301 5369201 5369404 5336001 5303103 5336001 5369404 5335603 5319704 5335603 379903 405001 390504 415102 339702 429804 339803 339703 415502 439903 354604 440601 415704 440601 380003 440602 429802 380001 415502 340502 108103 108102 390702 158204 147401 380004 184202 158503 158602 98803 98802 158604 122604 158503 237804 288001 184203 132702 147504 313901 313901
326901 351703 337604 402604 388201 326802 351702 377502 326804 427002 5335803 427203 362704 427002 388202 362704 5335604 427504 427002 327002 5335804 5352502 5285903 5352502 5369002 5369003 5303304 5303301 5303301 5335802 429802 404502 390504 439902 390501 379904 415101 379901 415503 339903 380002 340101 429804 380002 405002 340504 415701 339901 340501 380003 158502 98704 158202 158201 108104 184202 184102 184403 158504 147402 183903 237703 108104 288103 147401 98703 98804 302602 132702 122602 313902
327001 363101 427203 363203 427504 337601 402602 326902 413004 377604 5303302 5235402 388202 326704 363202 427502 363201 377603 5352303 337602 5303304 5352504 5235602 5335601 5303103 5336001 5352501 5369201 5352504 5235603 339904 405004 404502 354601 415004 339701 339802 415004 339701 405004 415501 340101 390702 405003 440603 339904 390503 365603 380002 340504 147402 147504 184203 147401 158203 183904 98801 184403 108101 147602 237801 237703 303004 313901 108101 277601 108103 158202 237804 237803 302804
377901 463304 799102 452603 352601 327204 438302 402904 438301 452604 120401 171202 197103 197202 156201 120303 120402 120304 106302 130801 197601 182503 182104 146103 171303 197703 120403 106301 131004 97603 97501 131203 197603 171501 182203 197601 107203 171901 97601 171504 146201 121104 327402 182803 131004 327403 327401 146102 146104 327801 353003 414104 378303 403303 403601 414103 363603 327404 353002 414303 414101 378702 403304 403304 428203 403702 413702 378301 428502 439102 353403
363301 463402 388303 388401 377704 463403 402904 463401 388404 388401 197101 120403 97304 97302 197101 120504 182104 182103 97304 156201 131401 97202 120702 120704 171302 156704 97701 97604 197703 197604 120601 156701 171901 97702 197603 97702 182302 120602 171902 197602 197604 146102 146201 388901 156702 388802 182301 106604 197604 107102 353001 363603 353002 353003 327801 403603 403302 353003 403301 428003 388903 413702 403601 439101 414102 378304 389104 378304 403301 428002 439303
452601 452603 352601 327201 327102 327204 327201 388302 438303 363302 181903 363301 363301 156204 120301 156204 181901 197003 171204 120401 97203 172002 146204 120701 146203 146202 197104 146101 97203 120504 171504 107202 131203 171603 146101 106802 131201 171503 131401 131202 182303 146201 97502 157001 121103 106604 172001 182304 106604 414303 439102 378301 378002 428204 352703 403601 352901 403601 327802 363603 414301 388902 388803 389104 428504 428502 388904 414101 403604 428503 403901
377704 388404 377701 438302 377702 463403 388401 388303 363302 388304 197003 120501 130804 120304 156204 120403 120402 130804 106301 171301 146202 197601 146203 120504 181902 197103 171303 120704 130801 172004 182503 97601 107102 182304 146204 131002 120602 182303 131204 131002 97501 327801 327404 388802 403303 197603 327803 414301 171503 182503 378004 353004 378003 363601 413703 403001 378004 378003 378001 327402 414302 414301 378301 388601 428501 389103 388903 352704 403302 338901 404103
377702 388304 388301 438301 452604 463404 452601 799103 388504 388301 181904 120501 120503 171201 120301 156203 171301 197003 106302 130801 171303 172002 156701 171901 156702 120701 172004 197202 97604 171603 120604 120601 156604 107201 182301 121104 171502 131401 171902 107103 97504 120702 327803 172001 156601 146103 388904 146102 363602 182804 403001 327402 439101 439101 428203 388803 363601 378002 414304 439103 428504 428002 428503 327804 327804 439403 413704 439104 414302 428001 439401
452603 388301 388403 799103 463401 438301 463403 402904 377701 377901 377801 182103 182103 377801 182101 156202 120304 171201 156202 171204 120503 172003 106302 146101 131001 97604 97503 197602 146104 156704 107103 131001 107102 120604 107202 120604 172002 107202 106802 172001 327801 182303 156604 389103 327401 327401 182803 121104 156704 182804 403602 353002 353001 388901 413704 378003 414304 439103 403602 414104 389101 428203 403604 363601 403301 403603 389103 439104 389101 428502 353502
463401 377702 377901 363302 388403 337904 438201 388303 799102 388504 388304 181903 97203 182101 120301 120302 181904 181901 181904 197104 171603 172003 157001 182203 172003 145702 120404 97603 181902 120503 182304 146203 120704 107204 107203 107201 120601 171903 120602 171701 182203 327403 120702 414103 156703 156601 327804 97501 197703 97502 403103 378004 414104 327404 414304 378302 327803 363602 378002 378002 388902 339004 439104 414301 388601 403304 389101 388802 353004 388901 378702
388302 377801 377701 327201 463402 352601 463404 452601 463402 438201 120302 181901 197202 130804 171301 181903 181902 120302 197103 171302 97702 145702 157001 156203 97701 181901 120501 106301 171202 172004 131204 107204 120701 171701 197602 131201 131204 171504 171902 97601 131203 106802 107204 97503 97603 414303 107103 389103 121103 352803 428204 413704 352901 403303 378302 327802 378001 428501 414102 428204 414302 352901 428001 378304 428003 389402 428003 413703 389102 413703 389304
327204 327102 388403 438303 463304 463304 463404 388504 337904 799103 337904 197101 171204 120302 97302 120303 182101 182104 97302 120303 106301 197003 120404 146202 171302 146103 97604 121103 97202 97501 107201 107203 171501 156703 156604 156702 156703 171501 171903 97601 182301 182302 146204 388803 182804 156601 414302 131004 182302 352703 378303 428001 428503 378302 403001 414103 439102 363602 439102 353004 352803 413702 389104 414101 389102 388904 388903 389102 378303 403603 428704
438302 388302 327102 438201 438303 388404 452604 799102 377704 377801 156202 171202 120401 156203 120402 197104 156201 130801 97302 171201 146104 97503 97603 97304 145702 97504 97701 97202 97504 120404 131001 182803 171502 171701 131002 171903 182304 171502 171503 171502 352703 131202 97502 156701 327403 182503 131202 352704 131201 352704 403103 353001 327802 388803 403103 428001 403602 428501 428002 378001 439103 414704 388601 403302 428504 403602 414102 403604 352803 388902 389401
581203 581204 591704 658503 5202204 5184904 658502 591702 669302 617301 606402 505604 541204 491001 516104 516301 455203 465903 505402 591701 515802 454904 465501 490704 490603 530402 490704 480003 505304 479801 505104 454901 480001 403803 439301 404101 505204 479902 353504 555403 428702 353503 494903 404102 494903 364502 494904 199901 200002 494804 185004 108602 200101 133703 133403 174304 159301 109104 200001 199802 133701 159302 148504 148301 99801 184503 123304 200101 148301 174403 108603
581202 606403 5201804 581202 591701 5202001 566503 658502 5184902 5202003 516103 455204 669301 491001 566501 466102 505402 455204 541204 515804 479903 479802 490702 465501 465504 480001 505103 505103 505303 505301 530401 454902 403901 490702 404103 404104 364503 378803 490603 403703 378802 414701 185001 364402 389404 519901 353504 494803 494803 494803 174401 199903 109102 185003 133601 99503 174303 159302 133402 174301 109102 174402 133703 99502 108603 200102 199901 184602 174404 133702 265903
566502 617501 658402 617301 617502 5236003 606402 617302 5202202 5202003 617501 465902 455204 658401 516104 658501 491004 669302 480002 466103 505301 555401 515801 454901 479801 490701 479903 505203 480003 479801 378801 540703 338903 403803 414503 555403 439301 403801 403801 364403 185004 404104 364503 494601 494804 389702 414503 439302 494702 200002 200202 133401 108602 99801 174304 159301 133401 199803 133401 174301 148501 133602 133602 133703 200203 185003 199904 174402 185001 109101 266002
5236003 606402 5236003 5201801 591701 617502 581203 566502 581202 5201804 466104 505604 441203 606604 480002 591704 581204 505603 505401 466104 490604 530404 530404 505304 505103 530402 555404 479904 515803 505202 389704 505103 378804 465402 339002 414502 505104 505202 378804 530403 199701 389403 353502 364501 200202 199903 353501 494803 444602 199701 174002 200004 174303 133502 174002 200203 185001 159201 109104 159202 200202 148502 148303 159204 199902 159204 159204 159303 200104 174002 266103
